14 6 240
45 105 3
55 135 3
45 105 3
55 135 3
45 105 3
55 135 3
45 105 3
55 135 3
45 105 3
55 135 3
45 105 3
55 135 3
45 105 3
55 135 3
0 38.862259785067408 32.177680562862349 48.549643174192624 45.977322453011972 15.022061360419743 23.327520841137069 8.2466442602018759 16.535829409224448 52.497769081137911 35.705998110480451 39.857752053805484 24.439687254249062 23.427575492245246 7.1862665543283901
38.862259785067408 0 22.079201853906223 58.180545999198209 69.098632038004695 36.156038005915335 20.191683164412051 44.744021234492195 53.857699677729606 90.56859112679038 73.40348774797981 67.188985049096672 59.733748399142257 36.062194628278831 32.857634092141112
32.177680562862349 22.079201853906223 0 36.101968859370174 48.394075261360904 21.556482898727278 28.537471789894287 40.18506598135388 42.380221117086045 77.254557771708164 66.760363081165821 69.788522328712091 56.540170928991898 17.011141891277582 26.076833443864736
48.549643174192624 58.180545999198209 36.101968859370174 0 21.542286139626448 34.460931354820623 59.818969424486752 55.498161869568101 45.715113684636854 66.41243997574891 70.957899456114745 86.859809988141592 68.447136293586468 27.112713358244044 46.121169176271081
45.977322453011972 69.098632038004695 48.394075261360904 21.542286139626448 0 36.036473432267471 64.303460633882779 50.486998773974143 36.12005899004118 46.555257938327038 57.22038871780299 78.892039651095487 59.259214854132949 33.183004804510155 46.452290310650334
15.022061360419743 36.156038005915335 21.556482898727278 34.460931354820623 36.036473432267471 0 28.378405700429681 22.73673580653216 20.887528949911559 56.202608739145099 46.043691944724863 54.82619730437505 38.287326703112484 9.165171466524308 11.688668895452343
23.327520841137069 20.191683164412051 28.537471789894287 59.818969424486752 64.303460633882779 28.378405700429681 0 26.91190657722969 39.656750312374243 75.604791459864629 55.124514802395339 47.11833304966148 40.422882446752297 33.088638078253197 19.356031053475228
8.2466442602018759 44.744021234492195 40.18506598135388 55.498161869568101 50.486998773974143 22.73673580653216 26.91190657722969 0 16.395771445132326 49.396802700580615 28.951516489728245 32.286362448146292 16.553199412954616 31.37652255244798 14.390026788158305
16.535829409224448 53.857699677729606 42.380221117086045 45.715113684636854 36.12005899004118 20.887528949911559 39.656750312374243 16.395771445132326 0 36.964437199726717 26.314792362597643 43.571541451430271 23.942012628884378 28.109416320645703 21.261798066639368
52.497769081137911 90.56859112679038 77.254557771708164 66.41243997574891 46.555257938327038 56.202608739145099 75.604791459864629 49.396802700580615 36.964437199726717 0 30.331931593269118 58.907039322835409 43.362078573133537 60.872161457558491 58.107786455723911
35.705998110480451 73.40348774797981 66.760363081165821 70.957899456114745 57.22038871780299 46.043691944724863 55.124514802395339 28.951516489728245 26.314792362597643 30.331931593269118 0 31.658006121601471 17.787551228560922 54.079657945423072 41.771745846978526
39.857752053805484 67.188985049096672 69.788522328712091 86.859809988141592 78.892039651095487 54.82619730437505 47.11833304966148 32.286362448146292 43.571541451430271 58.907039322835409 31.658006121601471 0 19.880569027940933 63.050826139741851 45.248336381506839
24.439687254249062 59.733748399142257 56.540170928991898 68.447136293586468 59.259214854132949 38.287326703112484 40.422882446752297 16.553199412954616 23.942012628884378 43.362078573133537 17.787551228560922 19.880569027940933 0 46.609774623022773 30.940643744215887
23.427575492245246 36.062194628278831 17.011141891277582 27.112713358244044 33.183004804510155 9.165171466524308 33.088638078253197 31.37652255244798 28.109416320645703 60.872161457558491 54.079657945423072 63.050826139741851 46.609774623022773 0 19.835901155390424
7.1862665543283901 32.857634092141112 26.076833443864736 46.121169176271081 46.452290310650334 11.688668895452343 19.356031053475228 14.390026788158305 21.261798066639368 58.107786455723911 41.771745846978526 45.248336381506839 30.940643744215887 19.835901155390424 0
