15 6 240
45 105 3
55 135 3
65 165 3
55 135 3
65 165 3
45 105 3
55 135 3
65 165 3
45 105 3
55 135 3
45 105 3
55 135 3
65 165 3
55 135 3
55 135 3
0 38.862259785067408 32.177680562862349 38.888100167139115 45.977322453011972 29.223544846711622 15.022061360419743 23.327520841137069 23.673749573829006 8.2466442602018759 16.535829409224448 52.497769081137911 35.705998110480451 35.037394437039055 24.439687254249062 7.1862665543283901
38.862259785067408 0 22.079201853906223 44.003582288184887 69.098632038004695 52.179460521362628 36.156038005915335 20.191683164412051 40.31581187347507 44.744021234492195 53.857699677729606 90.56859112679038 73.40348774797981 67.603412033321788 59.733748399142257 32.857634092141112
32.177680562862349 22.079201853906223 0 22.038788940355062 48.394075261360904 32.89421170932934 21.556482898727278 28.537471789894287 46.170079709337735 40.18506598135388 42.380221117086045 77.254557771708164 66.760363081165821 66.765740313879562 56.540170928991898 26.076833443864736
38.888100167139115 44.003582288184887 22.038788940355062 0 29.96815726633773 20.740198462668815 24.506097389478629 46.585196662929974 59.727175520247208 46.689845119640871 40.823339926637971 68.44574321911584 67.120762972022774 72.658998384584677 61.243777523357394 35.409060976592521
45.977322453011972 69.098632038004695 48.394075261360904 29.96815726633773 0 18.000002101975088 36.036473432267471 64.303460633882779 69.594908109264296 50.486998773974143 36.12005899004118 46.555257938327038 57.22038871780299 69.954859507136675 59.259214854132949 46.452290310650334
29.223544846711622 52.179460521362628 32.89421170932934 20.740198462668815 18.000002101975088 0 18.073618724140164 46.422448061876331 52.835726614049349 34.886056934139624 23.424267085022972 48.450960972540756 48.725748904660684 57.84316540931529 46.688631360477032 28.737733129683932
15.022061360419743 36.156038005915335 21.556482898727278 24.506097389478629 36.036473432267471 18.073618724140164 0 28.378405700429681 36.874954381579521 22.73673580653216 20.887528949911559 56.202608739145099 46.043691944724863 49.198395801815415 38.287326703112484 11.688668895452343
23.327520841137069 20.191683164412051 28.537471789894287 46.585196662929974 64.303460633882779 46.422448061876331 28.378405700429681 0 20.339196916043168 26.91190657722969 39.656750312374243 75.604791459864629 55.124514802395339 47.597211685827538 40.422882446752297 19.356031053475228
23.673749573829006 40.31581187347507 46.170079709337735 59.727175520247208 69.594908109264296 52.835726614049349 36.874954381579521 20.339196916043168 0 20.323627583373931 36.711596391420848 67.316984711003116 41.976832469137783 29.539623433261394 25.62027288923591 25.380391465659866
8.2466442602018759 44.744021234492195 40.18506598135388 46.689845119640871 50.486998773974143 34.886056934139624 22.73673580653216 26.91190657722969 20.323627583373931 0 16.395771445132326 49.396802700580615 28.951516489728245 26.834542594006656 16.553199412954616 14.390026788158305
16.535829409224448 53.857699677729606 42.380221117086045 40.823339926637971 36.12005899004118 23.424267085022972 20.887528949911559 39.656750312374243 36.711596391420848 16.395771445132326 0 36.964437199726717 26.314792362597643 34.659578912941114 23.942012628884378 21.261798066639368
52.497769081137911 90.56859112679038 77.254557771708164 68.44574321911584 46.555257938327038 48.450960972540756 56.202608739145099 75.604791459864629 67.316984711003116 49.396802700580615 36.964437199726717 0 30.331931593269118 48.072255636910164 43.362078573133537 58.107786455723911
35.705998110480451 73.40348774797981 66.760363081165821 67.120762972022774 57.22038871780299 48.725748904660684 46.043691944724863 55.124514802395339 41.976832469137783 28.951516489728245 26.314792362597643 30.331931593269118 0 19.353264994843915 17.787551228560922 41.771745846978526
35.037394437039055 67.603412033321788 66.765740313879562 72.658998384584677 69.954859507136675 57.84316540931529 49.198395801815415 47.597211685827538 29.539623433261394 26.834542594006656 34.659578912941114 48.072255636910164 19.353264994843915 0 11.74550271590528 40.915742326622002
24.439687254249062 59.733748399142257 56.540170928991898 61.243777523357394 59.259214854132949 46.688631360477032 38.287326703112484 40.422882446752297 25.62027288923591 16.553199412954616 23.942012628884378 43.362078573133537 17.787551228560922 11.74550271590528 0 30.940643744215887
7.1862665543283901 32.857634092141112 26.076833443864736 35.409060976592521 46.452290310650334 28.737733129683932 11.688668895452343 19.356031053475228 25.380391465659866 14.390026788158305 21.261798066639368 58.107786455723911 41.771745846978526 40.915742326622002 30.940643744215887 0
