20 6 240
3 147 3
0 191 3
0 235 3
3 147 3
0 191 3
0 235 3
3 147 3
0 191 3
0 235 3
3 147 3
0 191 3
0 235 3
3 147 3
0 191 3
0 235 3
3 147 3
0 191 3
0 235 3
3 147 3
0 191 3
0 38.862259785067408 32.177680562862349 38.888100167139115 48.549643174192624 45.977322453011972 29.223544846711622 15.022061360419743 23.327520841137069 23.673749573829006 8.2466442602018759 16.535829409224448 41.291037731155825 52.497769081137911 35.705998110480451 35.037394437039055 39.857752053805484 24.439687254249062 19.79213471751909 23.427575492245246 7.1862665543283901
38.862259785067408 0 22.079201853906223 44.003582288184887 58.180545999198209 69.098632038004695 52.179460521362628 36.156038005915335 20.191683164412051 40.31581187347507 44.744021234492195 53.857699677729606 73.945385695879139 90.56859112679038 73.40348774797981 67.603412033321788 67.188985049096672 59.733748399142257 58.311050107096328 36.062194628278831 32.857634092141112
32.177680562862349 22.079201853906223 0 22.038788940355062 36.101968859370174 48.394075261360904 32.89421170932934 21.556482898727278 28.537471789894287 46.170079709337735 40.18506598135388 42.380221117086045 56.649224242464044 77.254557771708164 66.760363081165821 66.765740313879562 69.788522328712091 56.540170928991898 50.656594928525848 17.011141891277582 26.076833443864736
38.888100167139115 44.003582288184887 22.038788940355062 0 14.565305801652608 29.96815726633773 20.740198462668815 24.506097389478629 46.585196662929974 59.727175520247208 46.689845119640871 40.823339926637971 44.07656043406886 68.44574321911584 67.120762972022774 72.658998384584677 78.179750564222076 61.243777523357394 51.923205745316359 15.621063016307062 35.409060976592521
48.549643174192624 58.180545999198209 36.101968859370174 14.565305801652608 0 21.542286139626448 22.36214573184083 34.460931354820623 59.818969424486752 71.108880949250647 55.498161869568101 45.715113684636854 40.200704438056732 66.41243997574891 70.957899456114745 79.81414405732545 86.859809988141592 68.447136293586468 57.456799493825592 27.112713358244044 46.121169176271081
45.977322453011972 69.098632038004695 48.394075261360904 29.96815726633773 21.542286139626448 0 18.000002101975088 36.036473432267471 64.303460633882779 69.594908109264296 50.486998773974143 36.12005899004118 20.404198885653816 46.555257938327038 57.22038871780299 69.954859507136675 78.892039651095487 59.259214854132949 47.022894152045708 33.183004804510155 46.452290310650334
29.223544846711622 52.179460521362628 32.89421170932934 20.740198462668815 22.36214573184083 18.000002101975088 0 18.073618724140164 46.422448061876331 52.835726614049349 34.886056934139624 23.424267085022972 24.419692737470388 48.450960972540756 48.725748904660684 57.84316540931529 65.698071909005989 46.688631360477032 35.202562029315082 16.528002948465687 28.737733129683932
15.022061360419743 36.156038005915335 21.556482898727278 24.506097389478629 34.460931354820623 36.036473432267471 18.073618724140164 0 28.378405700429681 36.874954381579521 22.73673580653216 20.887528949911559 37.799799109741102 56.202608739145099 46.043691944724863 49.198395801815415 54.82619730437505 38.287326703112484 30.085887384913814 9.165171466524308 11.688668895452343
23.327520841137069 20.191683164412051 28.537471789894287 46.585196662929974 59.818969424486752 64.303460633882779 46.422448061876331 28.378405700429681 0 20.339196916043168 26.91190657722969 39.656750312374243 63.611711316098997 75.604791459864629 55.124514802395339 47.597211685827538 47.11833304966148 40.422882446752297 41.103639532306659 33.088638078253197 19.356031053475228
23.673749573829006 40.31581187347507 46.170079709337735 59.727175520247208 71.108880949250647 69.594908109264296 52.835726614049349 36.874954381579521 20.339196916043168 0 20.323627583373931 36.711596391420848 62.789715150938207 67.316984711003116 41.976832469137783 29.539623433261394 27.194534577254682 25.62027288923591 32.090491605693842 44.416649855755544 25.380391465659866
8.2466442602018759 44.744021234492195 40.18506598135388 46.689845119640871 55.498161869568101 50.486998773974143 34.886056934139624 22.73673580653216 26.91190657722969 20.323627583373931 0 16.395771445132326 42.472054040499174 49.396802700580615 28.951516489728245 26.834542594006656 32.286362448146292 16.553199412954616 14.262165916058063 31.37652255244798 14.390026788158305
16.535829409224448 53.857699677729606 42.380221117086045 40.823339926637971 45.715113684636854 36.12005899004118 23.424267085022972 20.887528949911559 39.656750312374243 36.711596391420848 16.395771445132326 0 26.143350950877899 36.964437199726717 26.314792362597643 34.659578912941114 43.571541451430271 23.942012628884378 11.790147573823836 28.109416320645703 21.261798066639368
41.291037731155825 73.945385695879139 56.649224242464044 44.07656043406886 40.200704438056732 20.404198885653816 24.419692737470388 37.799799109741102 63.611711316098997 62.789715150938207 42.472054040499174 26.143350950877899 0 26.806196592464243 39.75174474960653 55.352467623763303 65.749440152403224 46.167935487325629 33.822554853365091 39.819740926627937 44.372545372511809
52.497769081137911 90.56859112679038 77.254557771708164 68.44574321911584 66.41243997574891 46.555257938327038 48.450960972540756 56.202608739145099 75.604791459864629 67.316984711003116 49.396802700580615 36.964437199726717 26.806196592464243 0 30.331931593269118 48.072255636910164 58.907039322835409 43.362078573133537 35.836143101032931 60.872161457558491 58.107786455723911
35.705998110480451 73.40348774797981 66.760363081165821 67.120762972022774 70.957899456114745 57.22038871780299 48.725748904660684 46.043691944724863 55.124514802395339 41.976832469137783 28.951516489728245 26.314792362597643 39.75174474960653 30.331931593269118 0 19.353264994843915 31.658006121601471 17.787551228560922 16.304889816372093 54.079657945423072 41.771745846978526
35.037394437039055 67.603412033321788 66.765740313879562 72.658998384584677 79.81414405732545 69.954859507136675 57.84316540931529 49.198395801815415 47.597211685827538 29.539623433261394 26.834542594006656 34.659578912941114 55.352467623763303 48.072255636910164 19.353264994843915 0 12.598362510891583 11.74550271590528 23.108601784159006 57.798179786124429 40.915742326622002
39.857752053805484 67.188985049096672 69.788522328712091 78.179750564222076 86.859809988141592 78.892039651095487 65.698071909005989 54.82619730437505 47.11833304966148 27.194534577254682 32.286362448146292 43.571541451430271 65.749440152403224 58.907039322835409 31.658006121601471 12.598362510891583 0 19.880569027940933 32.933599966695986 63.050826139741851 45.248336381506839
24.439687254249062 59.733748399142257 56.540170928991898 61.243777523357394 68.447136293586468 59.259214854132949 46.688631360477032 38.287326703112484 40.422882446752297 25.62027288923591 16.553199412954616 23.942012628884378 46.167935487325629 43.362078573133537 17.787551228560922 11.74550271590528 19.880569027940933 0 13.156332810117929 46.609774623022773 30.940643744215887
19.79213471751909 58.311050107096328 50.656594928525848 51.923205745316359 57.456799493825592 47.022894152045708 35.202562029315082 30.085887384913814 41.103639532306659 32.090491605693842 14.262165916058063 11.790147573823836 33.822554853365091 35.836143101032931 16.304889816372093 23.108601784159006 32.933599966695986 13.156332810117929 0 38.210911671505286 26.042153972032477
23.427575492245246 36.062194628278831 17.011141891277582 15.621063016307062 27.112713358244044 33.183004804510155 16.528002948465687 9.165171466524308 33.088638078253197 44.416649855755544 31.37652255244798 28.109416320645703 39.819740926627937 60.872161457558491 54.079657945423072 57.798179786124429 63.050826139741851 46.609774623022773 38.210911671505286 0 19.835901155390424
7.1862665543283901 32.857634092141112 26.076833443864736 35.409060976592521 46.121169176271081 46.452290310650334 28.737733129683932 11.688668895452343 19.356031053475228 25.380391465659866 14.390026788158305 21.261798066639368 44.372545372511809 58.107786455723911 41.771745846978526 40.915742326622002 45.248336381506839 30.940643744215887 26.042153972032477 19.835901155390424 0
