10 6 240
45 105 3
65 165 3
55 135 3
45 105 3
65 165 3
55 135 3
45 105 3
65 165 3
55 135 3
55 135 3
0 38.862259785067408 38.888100167139115 45.977322453011972 15.022061360419743 23.673749573829006 16.535829409224448 52.497769081137911 35.037394437039055 24.439687254249062 7.1862665543283901
38.862259785067408 0 44.003582288184887 69.098632038004695 36.156038005915335 40.31581187347507 53.857699677729606 90.56859112679038 67.603412033321788 59.733748399142257 32.857634092141112
38.888100167139115 44.003582288184887 0 29.96815726633773 24.506097389478629 59.727175520247208 40.823339926637971 68.44574321911584 72.658998384584677 61.243777523357394 35.409060976592521
45.977322453011972 69.098632038004695 29.96815726633773 0 36.036473432267471 69.594908109264296 36.12005899004118 46.555257938327038 69.954859507136675 59.259214854132949 46.452290310650334
15.022061360419743 36.156038005915335 24.506097389478629 36.036473432267471 0 36.874954381579521 20.887528949911559 56.202608739145099 49.198395801815415 38.287326703112484 11.688668895452343
23.673749573829006 40.31581187347507 59.727175520247208 69.594908109264296 36.874954381579521 0 36.711596391420848 67.316984711003116 29.539623433261394 25.62027288923591 25.380391465659866
16.535829409224448 53.857699677729606 40.823339926637971 36.12005899004118 20.887528949911559 36.711596391420848 0 36.964437199726717 34.659578912941114 23.942012628884378 21.261798066639368
52.497769081137911 90.56859112679038 68.44574321911584 46.555257938327038 56.202608739145099 67.316984711003116 36.964437199726717 0 48.072255636910164 43.362078573133537 58.107786455723911
35.037394437039055 67.603412033321788 72.658998384584677 69.954859507136675 49.198395801815415 29.539623433261394 34.659578912941114 48.072255636910164 0 11.74550271590528 40.915742326622002
24.439687254249062 59.733748399142257 61.243777523357394 59.259214854132949 38.287326703112484 25.62027288923591 23.942012628884378 43.362078573133537 11.74550271590528 0 30.940643744215887
7.1862665543283901 32.857634092141112 35.409060976592521 46.452290310650334 11.688668895452343 25.380391465659866 21.261798066639368 58.107786455723911 40.915742326622002 30.940643744215887 0
