20 6 240
39.0 111.0 3
47.0 143.0 3
55.0 175.0 3
39.0 111.0 3
47.0 143.0 3
55.0 175.0 3
39.0 111.0 3
47.0 143.0 3
55.0 175.0 3
39.0 111.0 3
47.0 143.0 3
55.0 175.0 3
39.0 111.0 3
47.0 143.0 3
55.0 175.0 3
39.0 111.0 3
47.0 143.0 3
55.0 175.0 3
39.0 111.0 3
47.0 143.0 3
1e30 39.675971740900295 32.732294853945234 39.092703660618874 48.549643174192624 49.375238530545232 31.778581035734227 15.022061360419743 23.327520841137073 23.673749573829006 8.2466442602018759 16.535829409224448 42.999416239243686 52.649935114289178 36.423757970429897 35.77043102725515 39.857752053805484 24.439687254249058 20.188665813362523 23.427575492245243 9.3617534142840348
39.675971740900295 1e30 22.43613575770949 44.003582288184894 58.317040802453761 69.473442560772469 54.041441758228572 40.58557099538028 21.555480686596905 40.52800444298915 45.517061910643442 55.3057580179795 1e30 91.611050217045857 76.311975279798219 69.299690307660541 67.340235764277935 60.301519724917299 60.763197608745017 36.557925015075213 37.311373147024206
32.732294853945234 22.43613575770949 1e30 22.038788940355062 36.101968859370174 48.575296641640819 33.606067148259513 21.556482898727278 35.883918455874266 51.042644420771744 40.772370865901138 42.380221117086052 59.792967389059427 78.409051657908307 67.148661353486446 70.432786046270323 72.741189067168278 56.961008862858073 51.010691131886759 17.011141891277582 28.705421830362681
39.092703660618874 44.003582288184894 22.038788940355062 1e30 14.565305801652608 29.96815726633773 20.740198462668815 25.542851384543543 47.334020537200502 59.727175520247208 46.860568898470945 42.899005700383185 44.07656043406886 69.488675556279787 68.302115623085797 72.805525208672293 78.179750564222076 61.243777523357394 52.268721955586912 16.169737395512698 35.633957091214768
48.549643174192624 58.317040802453761 36.101968859370174 14.565305801652608 1e30 21.542286139626448 22.362145731840833 35.206673948851432 61.401921228098487 71.219247731937571 55.498161869568101 49.994949053193849 40.200704438056732 66.41243997574891 77.037199114858339 81.015970116022714 87.066793849182602 69.491081922738857 60.210329745598273 28.146732272182437 46.68093462821723
49.375238530545232 69.473442560772469 48.575296641640819 29.96815726633773 21.542286139626448 1e30 18.000002101975088 36.532552845845849 65.823064930672189 72.091018552130038 55.901136349838779 40.662349557347952 20.404198885653816 46.555257938327038 1e30 71.073461145844149 80.087923168870191 60.574145101907874 48.529914222410227 33.183004804510148 47.977237051594983
31.778581035734227 54.041441758228572 33.606067148259513 20.740198462668815 22.362145731840833 18.000002101975088 1e30 19.043521044848561 48.504959629217353 54.586245754839176 39.565302409740092 38.467751651626649 25.361058436100713 55.318814245102153 1e30 1e30 1e30 57.443161793946416 47.855171651195775 16.528002948465684 29.414969906650242
15.022061360419743 40.58557099538028 21.556482898727278 25.542851384543543 35.206673948851432 36.532552845845849 19.043521044848561 1e30 29.005756499325777 36.874954381579521 22.73673580653216 20.887528949911559 44.775270102331987 58.894532369393204 46.217111618371739 49.902690403721756 54.82619730437505 38.48589475237366 30.349151127928337 9.165171466524308 11.688668895452343
23.327520841137073 21.555480686596905 35.883918455874266 47.334020537200502 61.401921228098487 65.823064930672189 48.504959629217353 29.005756499325777 1e30 20.339196916043164 26.91190657722969 39.656750312374243 66.330150593061333 75.72092823494495 56.096908138361556 48.139969102179748 47.11833304966148 40.639008759829309 41.103639532306659 34.561402235066694 19.356031053475228
23.673749573829006 40.52800444298915 51.042644420771744 59.727175520247208 71.219247731937571 72.091018552130038 54.586245754839176 36.874954381579521 20.339196916043164 1e30 20.323627583373927 37.3524179477822 63.103644700610502 67.829064883611267 44.204671589303132 30.603089363531225 27.194534577254682 26.026867267720547 32.88401936948609 44.416649855755544 25.380391465659866
8.2466442602018759 45.517061910643442 40.772370865901138 46.860568898470945 55.498161869568101 55.901136349838779 39.565302409740092 22.73673580653216 26.91190657722969 20.323627583373927 1e30 17.736988848328782 44.866925617834696 49.574365874805537 29.220702335114446 27.858764971670254 32.535459077272428 17.060476158098211 14.262165916058063 31.37652255244798 14.390026788158305
16.535829409224448 55.3057580179795 42.380221117086052 42.899005700383185 49.994949053193849 40.662349557347952 38.467751651626649 20.887528949911559 39.656750312374243 37.3524179477822 17.736988848328782 1e30 26.823027400738496 37.448225825698877 26.616869104744122 34.659578912941107 43.571541451430271 23.942012628884374 11.790147573823834 28.742638812179074 21.261798066639368
42.999416239243686 1e30 59.792967389059427 44.07656043406886 40.200704438056732 20.404198885653816 25.361058436100713 44.775270102331987 66.330150593061333 63.103644700610502 44.866925617834696 26.823027400738496 1e30 26.806196592464243 44.721161605424442 55.708225261263344 65.74944015240321 46.167935487325629 34.054217959572242 41.588601412692007 47.884473296002938
52.649935114289178 91.611050217045857 78.409051657908307 69.488675556279787 66.41243997574891 46.555257938327038 55.318814245102153 58.894532369393204 75.72092823494495 67.829064883611267 49.574365874805537 37.448225825698877 26.806196592464243 1e30 30.919671314209619 48.237889979138387 58.907039322835402 43.362078573133545 38.829357359927968 62.388865296675874 58.446814105225243
36.423757970429897 76.311975279798219 67.148661353486446 68.302115623085797 77.037199114858339 1e30 1e30 46.217111618371739 56.096908138361556 44.204671589303132 29.220702335114446 26.616869104744122 44.721161605424442 30.919671314209619 1e30 19.353264994843915 36.417431974198237 21.456863207577168 16.304889816372089 54.079657945423072 43.062604929789643
35.77043102725515 69.299690307660541 70.432786046270323 72.805525208672293 81.015970116022714 71.073461145844149 1e30 49.902690403721756 48.139969102179748 30.603089363531225 27.858764971670254 34.659578912941107 55.708225261263344 48.237889979138387 19.353264994843915 1e30 1e30 11.745502715905278 23.438569083513791 57.94948036798327 42.10371161846885
39.857752053805484 67.340235764277935 72.741189067168278 78.179750564222076 87.066793849182602 80.087923168870191 1e30 54.82619730437505 47.11833304966148 27.194534577254682 32.535459077272428 43.571541451430271 65.74944015240321 58.907039322835402 36.417431974198237 1e30 1e30 19.880569027940933 32.933599966695979 63.050826139741851 45.248336381506832
24.439687254249058 60.301519724917299 56.961008862858073 61.243777523357394 69.491081922738857 60.574145101907874 57.443161793946416 38.48589475237366 40.639008759829309 26.026867267720547 17.060476158098211 23.942012628884374 46.167935487325629 43.362078573133545 21.456863207577168 11.745502715905278 19.880569027940933 1e30 14.459913312692631 46.609774623022773 31.183011538611805
20.188665813362523 60.763197608745017 51.010691131886759 52.268721955586912 60.210329745598273 48.529914222410227 47.855171651195775 30.349151127928337 41.103639532306659 32.88401936948609 14.262165916058063 11.790147573823834 34.054217959572242 38.829357359927968 16.304889816372089 23.438569083513791 32.933599966695979 14.459913312692631 1e30 38.210911671505286 27.02120852538858
23.427575492245243 36.557925015075213 17.011141891277582 16.169737395512698 28.146732272182437 33.183004804510148 16.528002948465684 9.165171466524308 34.561402235066694 44.416649855755544 31.37652255244798 28.742638812179074 41.588601412692007 62.388865296675874 54.079657945423072 57.94948036798327 63.050826139741851 46.609774623022773 38.210911671505286 1e30 19.835901155390424
9.3617534142840348 37.311373147024206 28.705421830362681 35.633957091214768 46.68093462821723 47.977237051594983 29.414969906650242 11.688668895452343 19.356031053475228 25.380391465659866 14.390026788158305 21.261798066639368 47.884473296002938 58.446814105225243 43.062604929789643 42.10371161846885 45.248336381506832 31.183011538611805 27.02120852538858 19.835901155390424 1e30
